1
pbc=[T, T, T] virial=[[0.00002023, -0.00007234, 0.00007172], [-0.00007234, 0.00000608, -0.00003199], [0.00007172, -0.00003199, -0.00001922]] repeat=[1, 1, 1] energy=-63.06435097 Lattice="0.00707865 1.95940773 2.00090657 2.09098691 -0.06012430 2.02595533 2.01810321 1.99247169 0.00777926" Properties=species:S:1:pos:R:3:force:R:3:velocities:R:3:Z:I:1
Al         0.00000000       0.00000000       0.00000000        -0.00000000       0.00000000       0.00000000         0.00000000       0.00000000       0.00000000         13
1
pbc=[T, T, T] virial=[[0.00004418, 0.00000497, 0.00001576], [0.00000497, 0.00004540, 0.00001256], [0.00001576, 0.00001256, 0.00004362]] repeat=[1, 1, 1] energy=-63.07104089 Lattice="0.00774447 2.03313108 2.03599009 2.03667592 0.00149266 2.03421975 2.03434091 2.03147351 0.00800541" Properties=species:S:1:pos:R:3:force:R:3:velocities:R:3:Z:I:1
Al         0.00000000       0.00000000       0.00000000        -0.00000000       0.00000000       0.00000000         0.00000000       0.00000000       0.00000000         13
1
pbc=[T, T, T] virial=[[0.00007027, 0.00000187, -0.00000578], [0.00000187, 0.00005282, -0.00003004], [-0.00000578, -0.00003004, 0.00002355]] repeat=[1, 1, 1] energy=-63.06896520 Lattice="-0.04233534 2.00299069 1.99015034 2.06935992 0.01064918 1.97101765 2.00272660 2.08947822 -0.03371422" Properties=species:S:1:pos:R:3:force:R:3:velocities:R:3:Z:I:1
Al         0.00000000       0.00000000       0.00000000         0.00000000      -0.00000000      -0.00000000         0.00000000       0.00000000       0.00000000         13
1
pbc=[T, T, T] virial=[[0.00001952, 0.00000066, 0.00000068], [0.00000066, 0.00002138, 0.00000303], [0.00000068, 0.00000303, 0.00002074]] repeat=[1, 1, 1] energy=-63.07211813 Lattice="0.00004930 2.02534268 2.02612099 2.02547399 0.00082276 2.02604420 2.02606827 2.02455077 0.00135179" Properties=species:S:1:pos:R:3:force:R:3:velocities:R:3:Z:I:1
Al         0.00000000       0.00000000       0.00000000         0.00000000      -0.00000000      -0.00000000         0.00000000       0.00000000       0.00000000         13
1
pbc=[T, T, T] virial=[[0.00005536, 0.00007392, 0.00006321], [0.00007392, 0.00016591, 0.00004379], [0.00006321, 0.00004379, 0.00006637]] repeat=[1, 1, 1] energy=-63.04712634 Lattice="0.09989429 2.10453590 2.10948107 2.03321937 0.04022282 2.11435846 2.03683234 2.15763180 0.10521691" Properties=species:S:1:pos:R:3:force:R:3:velocities:R:3:Z:I:1
Al         0.00000000       0.00000000       0.00000000        -0.00000000       0.00000000       0.00000000         0.00000000       0.00000000       0.00000000         13
1
pbc=[T, T, T] virial=[[0.00011149, -0.00000111, 0.00001582], [-0.00000111, 0.00014890, 0.00003433], [0.00001582, 0.00003433, 0.00014745]] repeat=[1, 1, 1] energy=-63.05680104 Lattice="0.01522721 2.06349240 2.12377226 2.03895402 -0.00797389 2.06034547 2.02932585 2.08416516 0.04272277" Properties=species:S:1:pos:R:3:force:R:3:velocities:R:3:Z:I:1
Al         0.00000000       0.00000000       0.00000000         0.00000000      -0.00000000      -0.00000000         0.00000000       0.00000000       0.00000000         13
1
pbc=[T, T, T] virial=[[0.00001979, -0.00000494, -0.00000154], [-0.00000494, 0.00001882, 0.00000343], [-0.00000154, 0.00000343, 0.00001639]] repeat=[1, 1, 1] energy=-63.07215771 Lattice="0.00007580 2.02403658 2.02697889 2.02566446 -0.00117555 2.02390060 2.02393460 2.02204158 -0.00037731" Properties=species:S:1:pos:R:3:force:R:3:velocities:R:3:Z:I:1
Al         0.00000000       0.00000000       0.00000000        -0.00000000       0.00000000       0.00000000         0.00000000       0.00000000       0.00000000         13
1
pbc=[T, T, T] virial=[[-0.00000717, 0.00002190, 0.00001832], [0.00002190, 0.00001307, 0.00001914], [0.00001832, 0.00001914, -0.00003798]] repeat=[1, 1, 1] energy=-63.07107725 Lattice="0.02294377 2.03945116 2.00323369 2.03121466 0.01404001 2.00974899 2.04122804 2.01865204 0.00130045" Properties=species:S:1:pos:R:3:force:R:3:velocities:R:3:Z:I:1
Al         0.00000000       0.00000000       0.00000000        -0.00000000       0.00000000      -0.00000000         0.00000000       0.00000000       0.00000000         13
1
pbc=[T, T, T] virial=[[-0.00014729, 0.00006060, 0.00005887], [0.00006060, -0.00002310, 0.00006961], [0.00005887, 0.00006961, -0.00012766]] repeat=[1, 1, 1] energy=-63.05572128 Lattice="0.04250273 2.10882553 1.98975432 1.97656263 0.08577818 2.01070603 2.01264984 2.06845265 0.04867321" Properties=species:S:1:pos:R:3:force:R:3:velocities:R:3:Z:I:1
Al         0.00000000       0.00000000       0.00000000         0.00000000      -0.00000000      -0.00000000         0.00000000       0.00000000       0.00000000         13
1
pbc=[T, T, T] virial=[[0.00002720, 0.00000008, -0.00001176], [0.00000008, -0.00000958, 0.00000369], [-0.00001176, 0.00000369, 0.00000227]] repeat=[1, 1, 1] energy=-63.07185621 Lattice="-0.03234383 2.05183627 1.99753383 2.00331319 0.03661212 2.01195206 2.00268253 2.04986873 -0.01793536" Properties=species:S:1:pos:R:3:force:R:3:velocities:R:3:Z:I:1
Al         0.00000000       0.00000000       0.00000000         0.00000000      -0.00000000      -0.00000000         0.00000000       0.00000000       0.00000000         13
1
pbc=[T, T, T] virial=[[-0.00005311, 0.00001224, 0.00004299], [0.00001224, -0.00005230, 0.00004973], [0.00004299, 0.00004973, -0.00005993]] repeat=[1, 1, 1] energy=-63.06802848 Lattice="0.00301032 2.03546171 2.04087228 1.99640023 0.05556813 2.02459006 1.99266113 2.03104204 0.01982550" Properties=species:S:1:pos:R:3:force:R:3:velocities:R:3:Z:I:1
Al         0.00000000       0.00000000       0.00000000         0.00000000      -0.00000000       0.00000000         0.00000000       0.00000000       0.00000000         13
1
pbc=[T, T, T] virial=[[-0.00008999, 0.00008222, -0.00005723], [0.00008222, 0.00005145, -0.00006299], [-0.00005723, -0.00006299, -0.00009062]] repeat=[1, 1, 1] energy=-63.05704277 Lattice="0.01226530 2.00915724 2.01257714 1.94675639 0.01533235 1.97265481 1.97454080 2.13660674 -0.04587316" Properties=species:S:1:pos:R:3:force:R:3:velocities:R:3:Z:I:1
Al         0.00000000       0.00000000       0.00000000        -0.00000000      -0.00000000      -0.00000000         0.00000000       0.00000000       0.00000000         13
1
pbc=[T, T, T] virial=[[0.00000893, -0.00003546, -0.00002108], [-0.00003546, 0.00001672, 0.00005136], [-0.00002108, 0.00005136, -0.00000423]] repeat=[1, 1, 1] energy=-63.06865991 Lattice="-0.04419182 2.03776081 2.00206797 2.00941830 -0.01874163 1.99368408 2.02251567 1.99480412 -0.00916697" Properties=species:S:1:pos:R:3:force:R:3:velocities:R:3:Z:I:1
Al         0.00000000       0.00000000       0.00000000        -0.00000000       0.00000000      -0.00000000         0.00000000       0.00000000       0.00000000         13
1
pbc=[T, T, T] virial=[[0.00018407, 0.00001248, 0.00007775], [0.00001248, 0.00015118, 0.00004647], [0.00007775, 0.00004647, 0.00017977]] repeat=[1, 1, 1] energy=-63.03365367 Lattice="0.00999492 2.07396814 2.15004042 2.15939959 0.09666208 2.14594872 2.01317265 2.15145014 0.12791043" Properties=species:S:1:pos:R:3:force:R:3:velocities:R:3:Z:I:1
Al         0.00000000       0.00000000       0.00000000        -0.00000000       0.00000000       0.00000000         0.00000000       0.00000000       0.00000000         13
1
pbc=[T, T, T] virial=[[-0.00000151, -0.00000088, -0.00000151], [-0.00000088, -0.00000139, 0.00000413], [-0.00000151, 0.00000413, -0.00000482]] repeat=[1, 1, 1] energy=-63.07234466 Lattice="-0.02962472 2.00852224 2.03120593 2.00414507 0.00103167 2.03312840 2.00700603 2.03313249 0.02930057" Properties=species:S:1:pos:R:3:force:R:3:velocities:R:3:Z:I:1
Al         0.00000000       0.00000000       0.00000000         0.00000000      -0.00000000       0.00000000         0.00000000       0.00000000       0.00000000         13
1
pbc=[T, T, T] virial=[[0.00003281, 0.00000072, -0.00000880], [0.00000072, 0.00000558, 0.00000661], [-0.00000880, 0.00000661, -0.00000966]] repeat=[1, 1, 1] energy=-63.07209109 Lattice="-0.00743983 2.02845495 2.01187496 2.02764740 0.01350459 2.01499290 2.02662012 2.02484614 -0.00671171" Properties=species:S:1:pos:R:3:force:R:3:velocities:R:3:Z:I:1
Al         0.00000000       0.00000000       0.00000000        -0.00000000       0.00000000      -0.00000000         0.00000000       0.00000000       0.00000000         13
1
pbc=[T, T, T] virial=[[0.00002391, 0.00001015, 0.00001837], [0.00001015, 0.00003520, 0.00000469], [0.00001837, 0.00000469, 0.00005636]] repeat=[1, 1, 1] energy=-63.07082779 Lattice="0.01141778 2.00670479 2.03746389 2.04268170 -0.00992347 2.04204922 2.04659644 2.02961587 0.02329919" Properties=species:S:1:pos:R:3:force:R:3:velocities:R:3:Z:I:1
Al         0.00000000       0.00000000       0.00000000         0.00000000      -0.00000000       0.00000000         0.00000000       0.00000000       0.00000000         13
1
pbc=[T, T, T] virial=[[0.00009726, 0.00000088, 0.00001455], [0.00000088, 0.00011377, -0.00006511], [0.00001455, -0.00006511, 0.00009674]] repeat=[1, 1, 1] energy=-63.06004715 Lattice="-0.01353243 2.01974369 2.00933752 2.04905238 0.00018814 2.08195494 2.01992270 2.10552758 -0.00262890" Properties=species:S:1:pos:R:3:force:R:3:velocities:R:3:Z:I:1
Al         0.00000000       0.00000000       0.00000000         0.00000000       0.00000000      -0.00000000         0.00000000       0.00000000       0.00000000         13
1
pbc=[T, T, T] virial=[[-0.00000980, 0.00000172, 0.00003253], [0.00000172, 0.00001701, -0.00004455], [0.00003253, -0.00004455, -0.00001112]] repeat=[1, 1, 1] energy=-63.06855846 Lattice="-0.00514247 1.99771430 1.96800037 2.04960172 -0.00586977 2.01671403 2.01238634 2.07099426 0.00762774" Properties=species:S:1:pos:R:3:force:R:3:velocities:R:3:Z:I:1
Al         0.00000000       0.00000000       0.00000000         0.00000000      -0.00000000      -0.00000000         0.00000000       0.00000000       0.00000000         13
1
pbc=[T, T, T] virial=[[0.00001837, -0.00002030, -0.00000066], [-0.00002030, 0.00003070, 0.00000368], [-0.00000066, 0.00000368, 0.00003044]] repeat=[1, 1, 1] energy=-63.07179068 Lattice="-0.00112022 2.02816147 2.03053164 2.02731695 -0.00450783 2.02491397 2.01878159 2.02282017 -0.00248138" Properties=species:S:1:pos:R:3:force:R:3:velocities:R:3:Z:I:1
Al         0.00000000       0.00000000       0.00000000         0.00000000       0.00000000      -0.00000000         0.00000000       0.00000000       0.00000000         13
1
pbc=[T, T, T] virial=[[-0.00005009, -0.00009637, 0.00009461], [-0.00009637, -0.00020321, -0.00006283], [0.00009461, -0.00006283, -0.00019669]] repeat=[1, 1, 1] energy=-63.04080227 Lattice="0.04316655 1.93889220 1.92911088 2.12045209 -0.10687531 1.97197246 2.01416687 1.91856004 0.01609419" Properties=species:S:1:pos:R:3:force:R:3:velocities:R:3:Z:I:1
Al         0.00000000       0.00000000       0.00000000         0.00000000       0.00000000      -0.00000000         0.00000000       0.00000000       0.00000000         13
1
pbc=[T, T, T] virial=[[-0.00003252, -0.00003494, 0.00002272], [-0.00003494, -0.00004645, -0.00004150], [0.00002272, -0.00004150, -0.00004652]] repeat=[1, 1, 1] energy=-63.06922560 Lattice="-0.00403484 1.97674749 2.01362134 2.00150063 -0.04511299 2.04083511 2.00901849 2.00200556 0.02950798" Properties=species:S:1:pos:R:3:force:R:3:velocities:R:3:Z:I:1
Al         0.00000000       0.00000000       0.00000000         0.00000000      -0.00000000      -0.00000000         0.00000000       0.00000000       0.00000000         13
1
pbc=[T, T, T] virial=[[0.00008655, 0.00003095, 0.00001517], [0.00003095, 0.00017500, 0.00004443], [0.00001517, 0.00004443, 0.00015030]] repeat=[1, 1, 1] energy=-63.05192983 Lattice="0.04360489 2.09007280 2.14021047 2.00647232 -0.04396765 2.10934609 2.08727237 2.05065386 0.12758492" Properties=species:S:1:pos:R:3:force:R:3:velocities:R:3:Z:I:1
Al         0.00000000       0.00000000       0.00000000         0.00000000      -0.00000000      -0.00000000         0.00000000       0.00000000       0.00000000         13
1
pbc=[T, T, T] virial=[[-0.00009888, 0.00003651, 0.00001283], [0.00003651, -0.00007563, -0.00009626], [0.00001283, -0.00009626, 0.00006922]] repeat=[1, 1, 1] energy=-63.05425815 Lattice="0.05980036 1.93418680 2.02389766 1.99749549 -0.02269187 2.10494219 2.02379217 1.99779564 -0.04514794" Properties=species:S:1:pos:R:3:force:R:3:velocities:R:3:Z:I:1
Al         0.00000000       0.00000000       0.00000000        -0.00000000      -0.00000000       0.00000000         0.00000000       0.00000000       0.00000000         13
1
pbc=[T, T, T] virial=[[0.00005581, 0.00001811, 0.00003171], [0.00001811, 0.00021063, 0.00001842], [0.00003171, 0.00001842, 0.00020321]] repeat=[1, 1, 1] energy=-63.04504010 Lattice="0.00556876 2.11584521 2.11998743 1.98455783 0.02792150 2.17142094 1.99039113 2.13131476 0.07549430" Properties=species:S:1:pos:R:3:force:R:3:velocities:R:3:Z:I:1
Al         0.00000000       0.00000000       0.00000000        -0.00000000       0.00000000       0.00000000         0.00000000       0.00000000       0.00000000         13
1
pbc=[T, T, T] virial=[[0.00001739, -0.00009557, -0.00003415], [-0.00009557, -0.00006790, -0.00011414], [-0.00003415, -0.00011414, -0.00006439]] repeat=[1, 1, 1] energy=-63.03405543 Lattice="-0.18884659 1.92437788 1.90449686 1.97467724 -0.16714519 2.03715398 1.98325029 1.90577131 -0.04997314" Properties=species:S:1:pos:R:3:force:R:3:velocities:R:3:Z:I:1
Al         0.00000000       0.00000000       0.00000000         0.00000000      -0.00000000      -0.00000000         0.00000000       0.00000000       0.00000000         13
1
pbc=[T, T, T] virial=[[0.00003152, 0.00000071, -0.00000610], [0.00000071, 0.00002564, 0.00000066], [-0.00000610, 0.00000066, 0.00000995]] repeat=[1, 1, 1] energy=-63.07203821 Lattice="-0.00142302 2.02872977 2.02243522 2.02571935 0.00079880 2.01940700 2.02542296 2.03040952 -0.00145961" Properties=species:S:1:pos:R:3:force:R:3:velocities:R:3:Z:I:1
Al         0.00000000       0.00000000       0.00000000         0.00000000       0.00000000      -0.00000000         0.00000000       0.00000000       0.00000000         13
1
pbc=[T, T, T] virial=[[-0.00004102, 0.00005999, -0.00001995], [0.00005999, 0.00003503, -0.00003441], [-0.00001995, -0.00003441, -0.00002838]] repeat=[1, 1, 1] energy=-63.06794647 Lattice="-0.00264580 2.07271816 1.96891712 1.97706968 0.04831711 1.98110249 2.01013913 2.08688456 -0.05042721" Properties=species:S:1:pos:R:3:force:R:3:velocities:R:3:Z:I:1
Al         0.00000000       0.00000000       0.00000000         0.00000000      -0.00000000       0.00000000         0.00000000       0.00000000       0.00000000         13
1
pbc=[T, T, T] virial=[[-0.00001299, 0.00010813, 0.00003716], [0.00010813, -0.00002290, 0.00000666], [0.00003716, 0.00000666, -0.00005630]] repeat=[1, 1, 1] energy=-63.06227974 Lattice="-0.00310233 1.98122084 1.99741055 2.01770310 0.02104306 2.04709121 2.05731390 2.10748151 0.11238676" Properties=species:S:1:pos:R:3:force:R:3:velocities:R:3:Z:I:1
Al         0.00000000       0.00000000       0.00000000         0.00000000      -0.00000000      -0.00000000         0.00000000       0.00000000       0.00000000         13
1
pbc=[T, T, T] virial=[[0.00005834, 0.00002343, -0.00003604], [0.00002343, 0.00001178, -0.00001804], [-0.00003604, -0.00001804, -0.00001659]] repeat=[1, 1, 1] energy=-63.06935702 Lattice="0.01748015 1.96362964 2.04937829 2.01492512 -0.08806537 2.00253611 2.11670657 1.97800493 0.05751368" Properties=species:S:1:pos:R:3:force:R:3:velocities:R:3:Z:I:1
Al         0.00000000       0.00000000       0.00000000        -0.00000000       0.00000000       0.00000000         0.00000000       0.00000000       0.00000000         13
1
pbc=[T, T, T] virial=[[0.00012138, -0.00004243, 0.00002763], [-0.00004243, 0.00005586, -0.00002121], [0.00002763, -0.00002121, 0.00011142]] repeat=[1, 1, 1] energy=-63.06388797 Lattice="0.00289099 2.04153418 2.01891949 2.10573546 0.00856680 2.02612072 2.03949846 2.01863478 -0.04089994" Properties=species:S:1:pos:R:3:force:R:3:velocities:R:3:Z:I:1
Al         0.00000000       0.00000000       0.00000000        -0.00000000       0.00000000       0.00000000         0.00000000       0.00000000       0.00000000         13
1
pbc=[T, T, T] virial=[[0.00002380, 0.00000283, 0.00000037], [0.00000283, 0.00001939, 0.00000747], [0.00000037, 0.00000747, 0.00001894]] repeat=[1, 1, 1] energy=-63.07209496 Lattice="0.00069375 2.02553084 2.02848076 2.02498291 0.00194194 2.02742924 2.02696408 2.02364722 0.00274416" Properties=species:S:1:pos:R:3:force:R:3:velocities:R:3:Z:I:1
Al         0.00000000       0.00000000       0.00000000         0.00000000      -0.00000000      -0.00000000         0.00000000       0.00000000       0.00000000         13
1
pbc=[T, T, T] virial=[[0.00002672, -0.00005432, -0.00004891], [-0.00005432, 0.00004617, 0.00005660], [-0.00004891, 0.00005660, 0.00002941]] repeat=[1, 1, 1] energy=-63.06280565 Lattice="-0.03952965 2.07190050 2.07866755 1.98892985 -0.02376165 2.01208235 1.96038730 1.99829327 -0.00780537" Properties=species:S:1:pos:R:3:force:R:3:velocities:R:3:Z:I:1
Al         0.00000000       0.00000000       0.00000000        -0.00000000       0.00000000       0.00000000         0.00000000       0.00000000       0.00000000         13
1
pbc=[T, T, T] virial=[[0.00001400, 0.00000594, -0.00000220], [0.00000594, 0.00001944, 0.00000628], [-0.00000220, 0.00000628, 0.00001846]] repeat=[1, 1, 1] energy=-63.07217069 Lattice="0.00109321 2.02497002 2.02488935 2.02574361 0.00280071 2.02272443 2.02796010 2.02511151 0.00099977" Properties=species:S:1:pos:R:3:force:R:3:velocities:R:3:Z:I:1
Al         0.00000000       0.00000000       0.00000000         0.00000000       0.00000000      -0.00000000         0.00000000       0.00000000       0.00000000         13
1
pbc=[T, T, T] virial=[[0.00001484, 0.00002928, 0.00000686], [0.00002928, 0.00001246, 0.00000483], [0.00000686, 0.00000483, 0.00004367]] repeat=[1, 1, 1] energy=-63.07103408 Lattice="0.01198404 1.98869695 2.03426009 2.03966008 -0.00731490 2.04567401 2.05339014 2.03163480 0.03022838" Properties=species:S:1:pos:R:3:force:R:3:velocities:R:3:Z:I:1
Al         0.00000000       0.00000000       0.00000000         0.00000000      -0.00000000      -0.00000000         0.00000000       0.00000000       0.00000000         13
1
pbc=[T, T, T] virial=[[-0.00002208, -0.00001869, -0.00001924], [-0.00001869, -0.00000088, 0.00002921], [-0.00001924, 0.00002921, 0.00001746]] repeat=[1, 1, 1] energy=-63.07010993 Lattice="0.00088886 2.01872752 2.05172433 2.02169681 0.01810912 2.02655694 2.04252655 1.97783757 0.00451034" Properties=species:S:1:pos:R:3:force:R:3:velocities:R:3:Z:I:1
Al         0.00000000       0.00000000       0.00000000        -0.00000000      -0.00000000      -0.00000000         0.00000000       0.00000000       0.00000000         13
1
pbc=[T, T, T] virial=[[-0.00030428, -0.00006506, -0.00003182], [-0.00006506, -0.00028915, 0.00011750], [-0.00003182, 0.00011750, -0.00029998]] repeat=[1, 1, 1] energy=-63.02810966 Lattice="-0.01502540 2.06388458 1.96262621 1.98330676 0.09563231 1.93755190 1.87555129 1.96269662 -0.05392828" Properties=species:S:1:pos:R:3:force:R:3:velocities:R:3:Z:I:1
Al         0.00000000       0.00000000       0.00000000         0.00000000      -0.00000000      -0.00000000         0.00000000       0.00000000       0.00000000         13
1
pbc=[T, T, T] virial=[[-0.00001673, -0.00000067, -0.00000344], [-0.00000067, -0.00002194, -0.00002157], [-0.00000344, -0.00002157, -0.00002103]] repeat=[1, 1, 1] energy=-63.07197252 Lattice="-0.00866133 2.00985636 2.01054446 2.00878069 -0.00395738 2.02004616 2.01303744 2.01755615 0.00016416" Properties=species:S:1:pos:R:3:force:R:3:velocities:R:3:Z:I:1
Al         0.00000000       0.00000000       0.00000000        -0.00000000       0.00000000      -0.00000000         0.00000000       0.00000000       0.00000000         13
1
pbc=[T, T, T] virial=[[0.00013394, 0.00001551, -0.00004142], [0.00001551, 0.00001368, -0.00002744], [-0.00004142, -0.00002744, 0.00002605]] repeat=[1, 1, 1] energy=-63.06325186 Lattice="-0.03252457 1.99180865 1.97048054 2.08424133 0.01135908 1.97552139 2.07185288 2.02886372 -0.07168998" Properties=species:S:1:pos:R:3:force:R:3:velocities:R:3:Z:I:1
Al         0.00000000       0.00000000       0.00000000        -0.00000000       0.00000000      -0.00000000         0.00000000       0.00000000       0.00000000         13
1
pbc=[T, T, T] virial=[[0.00006993, -0.00000698, 0.00004197], [-0.00000698, 0.00004107, 0.00003197], [0.00004197, 0.00003197, 0.00006318]] repeat=[1, 1, 1] energy=-63.06739199 Lattice="0.07959367 1.97574792 2.07634568 2.06755961 -0.06939498 2.07606486 2.11563242 1.95756202 0.05248635" Properties=species:S:1:pos:R:3:force:R:3:velocities:R:3:Z:I:1
Al         0.00000000       0.00000000       0.00000000        -0.00000000       0.00000000       0.00000000         0.00000000       0.00000000       0.00000000         13
1
pbc=[T, T, T] virial=[[0.00001737, 0.00000112, 0.00000123], [0.00000112, 0.00001913, -0.00000028], [0.00000123, -0.00000028, 0.00001887]] repeat=[1, 1, 1] energy=-63.07216644 Lattice="0.00021572 2.02375181 2.02513020 2.02530614 -0.00006585 2.02503305 2.02506849 2.02500635 0.00093999" Properties=species:S:1:pos:R:3:force:R:3:velocities:R:3:Z:I:1
Al         0.00000000       0.00000000       0.00000000        -0.00000000       0.00000000       0.00000000         0.00000000       0.00000000       0.00000000         13
1
pbc=[T, T, T] virial=[[-0.00002214, 0.00004214, 0.00001984], [0.00004214, 0.00001120, 0.00001044], [0.00001984, 0.00001044, 0.00006577]] repeat=[1, 1, 1] energy=-63.06783940 Lattice="0.03973028 2.01075312 2.08496072 2.01109299 0.02842090 2.06268698 1.98815299 2.09039073 0.03184136" Properties=species:S:1:pos:R:3:force:R:3:velocities:R:3:Z:I:1
Al         0.00000000       0.00000000       0.00000000         0.00000000       0.00000000      -0.00000000         0.00000000       0.00000000       0.00000000         13
1
pbc=[T, T, T] virial=[[0.00003827, -0.00003031, 0.00001245], [-0.00003031, 0.00005989, -0.00000880], [0.00001245, -0.00000880, 0.00003421]] repeat=[1, 1, 1] energy=-63.07025181 Lattice="-0.01371455 2.04702102 2.01068829 2.03646189 0.00528378 2.03971180 2.02590200 2.02130210 0.00027935" Properties=species:S:1:pos:R:3:force:R:3:velocities:R:3:Z:I:1
Al         0.00000000       0.00000000       0.00000000         0.00000000       0.00000000      -0.00000000         0.00000000       0.00000000       0.00000000         13
1
pbc=[T, T, T] virial=[[0.00010971, -0.00001462, -0.00000317], [-0.00001462, 0.00007095, 0.00004334], [-0.00000317, 0.00004334, 0.00016986]] repeat=[1, 1, 1] energy=-63.05903831 Lattice="0.00158997 2.04812636 2.11564464 2.07841293 0.00148326 2.06669358 2.01902555 2.00490692 0.00756491" Properties=species:S:1:pos:R:3:force:R:3:velocities:R:3:Z:I:1
Al         0.00000000       0.00000000       0.00000000         0.00000000      -0.00000000      -0.00000000         0.00000000       0.00000000       0.00000000         13
1
pbc=[T, T, T] virial=[[-0.00010095, -0.00001938, 0.00004719], [-0.00001938, 0.00008005, -0.00005167], [0.00004719, -0.00005167, -0.00006420]] repeat=[1, 1, 1] energy=-63.06092712 Lattice="0.10853978 2.02951091 2.01198794 2.02565920 -0.10734309 1.99016696 2.00472521 2.03495586 0.00882913" Properties=species:S:1:pos:R:3:force:R:3:velocities:R:3:Z:I:1
Al         0.00000000       0.00000000       0.00000000        -0.00000000       0.00000000       0.00000000         0.00000000       0.00000000       0.00000000         13
1
pbc=[T, T, T] virial=[[0.00001977, -0.00000596, 0.00000180], [-0.00000596, 0.00001898, 0.00000449], [0.00000180, 0.00000449, 0.00001897]] repeat=[1, 1, 1] energy=-63.07212758 Lattice="-0.00286359 2.02572990 2.02668116 2.02372295 -0.00030986 2.02694928 2.02268954 2.02387126 0.00340309" Properties=species:S:1:pos:R:3:force:R:3:velocities:R:3:Z:I:1
Al         0.00000000       0.00000000       0.00000000         0.00000000      -0.00000000      -0.00000000         0.00000000       0.00000000       0.00000000         13
1
pbc=[T, T, T] virial=[[0.00002346, 0.00000164, -0.00000786], [0.00000164, 0.00002086, 0.00000162], [-0.00000786, 0.00000162, 0.00002280]] repeat=[1, 1, 1] energy=-63.07205364 Lattice="-0.00043508 2.02845642 2.02367313 2.02261342 -0.00001125 2.02398972 2.02851962 2.02477378 -0.00169508" Properties=species:S:1:pos:R:3:force:R:3:velocities:R:3:Z:I:1
Al         0.00000000       0.00000000       0.00000000        -0.00000000       0.00000000       0.00000000         0.00000000       0.00000000       0.00000000         13
1
pbc=[T, T, T] virial=[[-0.00011205, -0.00010716, -0.00002217], [-0.00010716, -0.00012338, 0.00010213], [-0.00002217, 0.00010213, -0.00004050]] repeat=[1, 1, 1] energy=-63.04888981 Lattice="-0.00595002 2.05506820 2.07037004 2.04099857 -0.00168542 1.97155368 1.92503543 1.91601619 -0.02636710" Properties=species:S:1:pos:R:3:force:R:3:velocities:R:3:Z:I:1
Al         0.00000000       0.00000000       0.00000000        -0.00000000       0.00000000      -0.00000000         0.00000000       0.00000000       0.00000000         13
1
pbc=[T, T, T] virial=[[0.00003868, 0.00000473, -0.00000328], [0.00000473, 0.00009978, 0.00003658], [-0.00000328, 0.00003658, 0.00007122]] repeat=[1, 1, 1] energy=-63.06817507 Lattice="0.03444030 2.05392272 2.04897680 2.07791235 0.00574726 2.00588188 2.06018725 2.02582941 -0.00067225" Properties=species:S:1:pos:R:3:force:R:3:velocities:R:3:Z:I:1
Al         0.00000000       0.00000000       0.00000000        -0.00000000       0.00000000       0.00000000         0.00000000       0.00000000       0.00000000         13
1
pbc=[T, T, T] virial=[[-0.00003487, 0.00002471, -0.00000318], [0.00002471, -0.00001968, -0.00006691], [-0.00000318, -0.00006691, -0.00001123]] repeat=[1, 1, 1] energy=-63.06813463 Lattice="0.16977170 2.04058648 1.93590237 2.06536780 -0.04362959 1.97460711 2.08840439 1.96925680 -0.13338611" Properties=species:S:1:pos:R:3:force:R:3:velocities:R:3:Z:I:1
Al         0.00000000       0.00000000       0.00000000        -0.00000000       0.00000000       0.00000000         0.00000000       0.00000000       0.00000000         13
1
pbc=[T, T, T] virial=[[-0.00017585, 0.00003427, -0.00002808], [0.00003427, -0.00013016, -0.00004638], [-0.00002808, -0.00004638, -0.00010687]] repeat=[1, 1, 1] energy=-63.06003185 Lattice="-0.06089679 1.93332414 1.98073575 1.94735154 -0.03342935 2.00959490 1.99923024 2.00661694 0.03769676" Properties=species:S:1:pos:R:3:force:R:3:velocities:R:3:Z:I:1
Al         0.00000000       0.00000000       0.00000000         0.00000000      -0.00000000       0.00000000         0.00000000       0.00000000       0.00000000         13
1
pbc=[T, T, T] virial=[[-0.00001553, -0.00000761, 0.00000362], [-0.00000761, 0.00001397, -0.00000548], [0.00000362, -0.00000548, 0.00002087]] repeat=[1, 1, 1] energy=-63.07219196 Lattice="0.00221961 2.03047409 2.01595013 2.01487030 -0.00214212 2.02631170 2.01891754 2.01868160 -0.00516643" Properties=species:S:1:pos:R:3:force:R:3:velocities:R:3:Z:I:1
Al         0.00000000       0.00000000       0.00000000        -0.00000000       0.00000000       0.00000000         0.00000000       0.00000000       0.00000000         13
1
pbc=[T, T, T] virial=[[-0.00010562, -0.00014247, -0.00005571], [-0.00014247, -0.00019500, 0.00004050], [-0.00005571, 0.00004050, -0.00016248]] repeat=[1, 1, 1] energy=-63.04322259 Lattice="-0.17787045 2.01687950 1.95490756 1.93648919 0.02637629 2.03260554 1.93392408 1.88683796 -0.01844388" Properties=species:S:1:pos:R:3:force:R:3:velocities:R:3:Z:I:1
Al         0.00000000       0.00000000       0.00000000        -0.00000000       0.00000000       0.00000000         0.00000000       0.00000000       0.00000000         13
1
pbc=[T, T, T] virial=[[-0.00003547, 0.00003960, -0.00002885], [0.00003960, -0.00002806, -0.00005027], [-0.00002885, -0.00005027, 0.00001844]] repeat=[1, 1, 1] energy=-63.06799523 Lattice="-0.01237405 1.98241824 2.01734702 1.99626873 0.00618431 2.02170406 1.98664481 2.02804832 -0.05870396" Properties=species:S:1:pos:R:3:force:R:3:velocities:R:3:Z:I:1
Al         0.00000000       0.00000000       0.00000000        -0.00000000      -0.00000000       0.00000000         0.00000000       0.00000000       0.00000000         13
1
pbc=[T, T, T] virial=[[0.00011727, -0.00001977, 0.00001272], [-0.00001977, 0.00019393, -0.00000718], [0.00001272, -0.00000718, 0.00006800]] repeat=[1, 1, 1] energy=-63.05800360 Lattice="-0.04066349 2.14437962 1.93963301 2.04904556 0.05074956 2.00540873 2.01441015 2.09135137 -0.09273344" Properties=species:S:1:pos:R:3:force:R:3:velocities:R:3:Z:I:1
Al         0.00000000       0.00000000       0.00000000         0.00000000       0.00000000      -0.00000000         0.00000000       0.00000000       0.00000000         13
1
pbc=[T, T, T] virial=[[0.00006132, -0.00000494, 0.00002572], [-0.00000494, 0.00004180, -0.00001109], [0.00002572, -0.00001109, 0.00007233]] repeat=[1, 1, 1] energy=-63.06870210 Lattice="0.01023892 2.04696790 2.04900981 2.04976490 -0.00101270 2.05261421 2.00471555 2.04302402 0.02094702" Properties=species:S:1:pos:R:3:force:R:3:velocities:R:3:Z:I:1
Al         0.00000000       0.00000000       0.00000000         0.00000000      -0.00000000      -0.00000000         0.00000000       0.00000000       0.00000000         13
1
pbc=[T, T, T] virial=[[0.00002023, -0.00000030, -0.00000696], [-0.00000030, 0.00002281, 0.00001626], [-0.00000696, 0.00001626, 0.00002791]] repeat=[1, 1, 1] energy=-63.07192548 Lattice="-0.00423411 2.03341240 2.02947733 2.02131343 0.00667507 2.02526156 2.02204835 2.02990621 0.00272039" Properties=species:S:1:pos:R:3:force:R:3:velocities:R:3:Z:I:1
Al         0.00000000       0.00000000       0.00000000         0.00000000      -0.00000000      -0.00000000         0.00000000       0.00000000       0.00000000         13
1
pbc=[T, T, T] virial=[[0.00001931, 0.00001271, 0.00001928], [0.00001271, 0.00001347, 0.00002482], [0.00001928, 0.00002482, 0.00000687]] repeat=[1, 1, 1] energy=-63.07076609 Lattice="-0.00494003 2.04015740 2.03409295 2.03670183 0.03270623 2.03293849 2.00427378 2.04001977 0.01842965" Properties=species:S:1:pos:R:3:force:R:3:velocities:R:3:Z:I:1
Al         0.00000000       0.00000000       0.00000000        -0.00000000       0.00000000      -0.00000000         0.00000000       0.00000000       0.00000000         13
1
pbc=[T, T, T] virial=[[0.00005123, -0.00004120, -0.00003106], [-0.00004120, -0.00001116, 0.00006002], [-0.00003106, 0.00006002, -0.00001579]] repeat=[1, 1, 1] energy=-63.06689232 Lattice="-0.03624578 2.04531476 2.03623045 2.05152079 0.02979520 1.98902797 2.03067562 2.00320302 0.02022640" Properties=species:S:1:pos:R:3:force:R:3:velocities:R:3:Z:I:1
Al         0.00000000       0.00000000       0.00000000        -0.00000000      -0.00000000       0.00000000         0.00000000       0.00000000       0.00000000         13
1
pbc=[T, T, T] virial=[[0.00003087, -0.00002600, -0.00002246], [-0.00002600, 0.00001649, 0.00001428], [-0.00002246, 0.00001428, 0.00001115]] repeat=[1, 1, 1] energy=-63.07129037 Lattice="-0.01518905 2.02616162 2.03094865 2.01726324 -0.00277012 2.02222609 2.01400924 2.01195210 -0.01046083" Properties=species:S:1:pos:R:3:force:R:3:velocities:R:3:Z:I:1
Al         0.00000000       0.00000000       0.00000000        -0.00000000       0.00000000      -0.00000000         0.00000000       0.00000000       0.00000000         13
1
pbc=[T, T, T] virial=[[0.00007955, -0.00002905, 0.00003605], [-0.00002905, 0.00002257, -0.00002077], [0.00003605, -0.00002077, 0.00003917]] repeat=[1, 1, 1] energy=-63.06787773 Lattice="0.00838043 2.02069199 2.03136534 2.07964773 -0.00662170 2.06276350 2.03734707 1.96967971 0.00681581" Properties=species:S:1:pos:R:3:force:R:3:velocities:R:3:Z:I:1
Al         0.00000000       0.00000000       0.00000000        -0.00000000       0.00000000      -0.00000000         0.00000000       0.00000000       0.00000000         13
1
pbc=[T, T, T] virial=[[0.00013935, -0.00002990, -0.00004571], [-0.00002990, 0.00015707, 0.00005406], [-0.00004571, 0.00005406, 0.00016766]] repeat=[1, 1, 1] energy=-63.04231280 Lattice="-0.06721403 2.09094757 2.16734650 2.02848042 0.02776833 2.04341603 2.03058388 2.07100163 0.05250024" Properties=species:S:1:pos:R:3:force:R:3:velocities:R:3:Z:I:1
Al         0.00000000       0.00000000       0.00000000         0.00000000      -0.00000000      -0.00000000         0.00000000       0.00000000       0.00000000         13
1
pbc=[T, T, T] virial=[[-0.00002160, 0.00004810, -0.00006181], [0.00004810, -0.00009473, -0.00004571], [-0.00006181, -0.00004571, -0.00007023]] repeat=[1, 1, 1] energy=-63.06433833 Lattice="0.01623828 1.96578001 1.95410633 2.00852638 -0.05907133 1.95816180 2.08780420 1.96551368 -0.05001213" Properties=species:S:1:pos:R:3:force:R:3:velocities:R:3:Z:I:1
Al         0.00000000       0.00000000       0.00000000         0.00000000       0.00000000      -0.00000000         0.00000000       0.00000000       0.00000000         13
1
pbc=[T, T, T] virial=[[0.00010598, -0.00000923, 0.00006413], [-0.00000923, 0.00011718, 0.00005336], [0.00006413, 0.00005336, 0.00003334]] repeat=[1, 1, 1] energy=-63.05674919 Lattice="0.02166722 2.14024942 2.00136041 2.09802902 0.03503189 2.04000491 2.06514302 2.06161531 0.07573697" Properties=species:S:1:pos:R:3:force:R:3:velocities:R:3:Z:I:1
Al         0.00000000       0.00000000       0.00000000        -0.00000000       0.00000000       0.00000000         0.00000000       0.00000000       0.00000000         13
1
pbc=[T, T, T] virial=[[0.00016605, 0.00002574, -0.00001871], [0.00002574, 0.00022103, 0.00003492], [-0.00001871, 0.00003492, 0.00013594]] repeat=[1, 1, 1] energy=-63.04482834 Lattice="0.07588168 2.13801121 2.07043167 2.09596723 0.04240425 1.97950347 2.10969980 2.11754243 -0.04939254" Properties=species:S:1:pos:R:3:force:R:3:velocities:R:3:Z:I:1
Al         0.00000000       0.00000000       0.00000000         0.00000000       0.00000000      -0.00000000         0.00000000       0.00000000       0.00000000         13
1
pbc=[T, T, T] virial=[[-0.00019142, 0.00007462, 0.00005618], [0.00007462, -0.00017958, 0.00008184], [0.00005618, 0.00008184, -0.00014897]] repeat=[1, 1, 1] energy=-63.04669832 Lattice="0.03223611 1.98845758 2.06090226 1.95829375 0.06525763 2.05547609 2.01234119 2.02228736 0.09980126" Properties=species:S:1:pos:R:3:force:R:3:velocities:R:3:Z:I:1
Al         0.00000000       0.00000000       0.00000000        -0.00000000       0.00000000       0.00000000         0.00000000       0.00000000       0.00000000         13
1
pbc=[T, T, T] virial=[[0.00004226, -0.00002638, -0.00001162], [-0.00002638, 0.00006361, 0.00002707], [-0.00001162, 0.00002707, 0.00010570]] repeat=[1, 1, 1] energy=-63.06781572 Lattice="-0.01049614 2.08921370 2.02105222 2.02858363 0.02836610 2.01933822 1.99968842 2.05263154 -0.03929491" Properties=species:S:1:pos:R:3:force:R:3:velocities:R:3:Z:I:1
Al         0.00000000       0.00000000       0.00000000         0.00000000      -0.00000000      -0.00000000         0.00000000       0.00000000       0.00000000         13
1
pbc=[T, T, T] virial=[[-0.00001325, -0.00003884, 0.00003251], [-0.00003884, 0.00010182, -0.00007498], [0.00003251, -0.00007498, 0.00000069]] repeat=[1, 1, 1] energy=-63.05973208 Lattice="-0.08046588 2.05651476 1.91579840 2.01592507 0.01280317 2.04420911 1.95347718 2.12208634 -0.00054121" Properties=species:S:1:pos:R:3:force:R:3:velocities:R:3:Z:I:1
Al         0.00000000       0.00000000       0.00000000        -0.00000000       0.00000000       0.00000000         0.00000000       0.00000000       0.00000000         13
1
pbc=[T, T, T] virial=[[-0.00026346, -0.00003730, -0.00000709], [-0.00003730, -0.00019242, -0.00008993], [-0.00000709, -0.00008993, -0.00025634]] repeat=[1, 1, 1] energy=-63.04305578 Lattice="0.00396099 2.00146397 1.88905194 1.92382953 -0.07455321 1.95910930 1.97714421 1.92959658 -0.07246866" Properties=species:S:1:pos:R:3:force:R:3:velocities:R:3:Z:I:1
Al         0.00000000       0.00000000       0.00000000         0.00000000       0.00000000       0.00000000         0.00000000       0.00000000       0.00000000         13
1
pbc=[T, T, T] virial=[[-0.00022509, 0.00003024, -0.00009589], [0.00003024, -0.00025373, 0.00002501], [-0.00009589, 0.00002501, -0.00024848]] repeat=[1, 1, 1] energy=-63.04161159 Lattice="0.05958530 1.99984933 1.99300934 1.94159406 -0.00074117 1.92561138 2.02517375 1.92862425 -0.06158552" Properties=species:S:1:pos:R:3:force:R:3:velocities:R:3:Z:I:1
Al         0.00000000       0.00000000       0.00000000        -0.00000000      -0.00000000       0.00000000         0.00000000       0.00000000       0.00000000         13
1
pbc=[T, T, T] virial=[[0.00001356, -0.00000487, 0.00004847], [-0.00000487, 0.00010742, 0.00000556], [0.00004847, 0.00000556, 0.00000514]] repeat=[1, 1, 1] energy=-63.06605217 Lattice="0.11863642 2.06727222 2.02807699 2.07601282 -0.07376931 1.99735191 2.06712349 2.01887689 0.02501656" Properties=species:S:1:pos:R:3:force:R:3:velocities:R:3:Z:I:1
Al         0.00000000       0.00000000       0.00000000        -0.00000000       0.00000000      -0.00000000         0.00000000       0.00000000       0.00000000         13
1
pbc=[T, T, T] virial=[[-0.00003105, 0.00001759, 0.00001832], [0.00001759, -0.00003274, 0.00001445], [0.00001832, 0.00001445, 0.00002197]] repeat=[1, 1, 1] energy=-63.07108784 Lattice="-0.01540761 2.01493738 2.02496418 2.01742790 0.03564760 2.03328409 2.02033524 2.02782568 0.01819948" Properties=species:S:1:pos:R:3:force:R:3:velocities:R:3:Z:I:1
Al         0.00000000       0.00000000       0.00000000        -0.00000000       0.00000000       0.00000000         0.00000000       0.00000000       0.00000000         13
1
pbc=[T, T, T] virial=[[0.00006232, 0.00003930, -0.00002608], [0.00003930, 0.00003471, -0.00002559], [-0.00002608, -0.00002559, 0.00004709]] repeat=[1, 1, 1] energy=-63.06808871 Lattice="-0.00435937 2.02619856 2.00736831 2.02186164 -0.01442986 1.99209127 2.05204394 2.05133716 -0.02864512" Properties=species:S:1:pos:R:3:force:R:3:velocities:R:3:Z:I:1
Al         0.00000000       0.00000000       0.00000000        -0.00000000      -0.00000000      -0.00000000         0.00000000       0.00000000       0.00000000         13
1
pbc=[T, T, T] virial=[[0.00003766, -0.00004072, -0.00001158], [-0.00004072, 0.00004029, 0.00001110], [-0.00001158, 0.00001110, 0.00002016]] repeat=[1, 1, 1] energy=-63.06932727 Lattice="-0.03715606 2.01388422 2.04049718 2.02470939 -0.01772324 2.04405779 2.00985233 1.97534257 -0.00732351" Properties=species:S:1:pos:R:3:force:R:3:velocities:R:3:Z:I:1
Al         0.00000000       0.00000000       0.00000000        -0.00000000       0.00000000       0.00000000         0.00000000       0.00000000       0.00000000         13
1
pbc=[T, T, T] virial=[[-0.00002634, -0.00000152, -0.00003256], [-0.00000152, -0.00001848, -0.00001206], [-0.00003256, -0.00001206, -0.00002795]] repeat=[1, 1, 1] energy=-63.07162942 Lattice="-0.01554184 2.00976468 2.01469948 2.00646906 0.00316502 2.00646319 2.00387955 2.02340541 -0.00927788" Properties=species:S:1:pos:R:3:force:R:3:velocities:R:3:Z:I:1
Al         0.00000000       0.00000000       0.00000000        -0.00000000       0.00000000      -0.00000000         0.00000000       0.00000000       0.00000000         13
1
pbc=[T, T, T] virial=[[0.00000571, 0.00001011, -0.00001356], [0.00001011, 0.00000413, -0.00004516], [-0.00001356, -0.00004516, 0.00008463]] repeat=[1, 1, 1] energy=-63.06845038 Lattice="-0.04415435 1.98305731 2.04243481 1.98714714 0.01010475 2.08704730 1.99555709 2.03273961 -0.00189249" Properties=species:S:1:pos:R:3:force:R:3:velocities:R:3:Z:I:1
Al         0.00000000       0.00000000       0.00000000         0.00000000      -0.00000000      -0.00000000         0.00000000       0.00000000       0.00000000         13
1
